service_id,monday,tuesday,wednesday,thursday,friday,saturday,sunday,start_date,end_date
000001,0,0,0,0,0,0,0,20250528,20260604
000003,0,0,0,0,0,0,0,20250528,20260604
000004,0,0,0,0,0,0,0,20250528,20260604
000005,0,0,0,0,0,0,0,20250528,20260604
000006,0,0,0,0,0,0,0,20250528,20260604
000007,0,0,0,0,0,0,0,20250528,20260604
000008,0,0,0,0,0,0,0,20250528,20260604
000009,0,0,0,0,0,0,0,20250528,20260604
000010,0,0,0,0,0,0,0,20250528,20260604
000011,0,0,0,0,0,0,0,20250528,20260604
000012,0,0,0,0,0,0,0,20250528,20260604
000013,0,0,0,0,0,0,0,20250528,20260604
000014,0,0,0,0,0,0,0,20250528,20260604
000015,0,0,0,0,0,0,0,20250528,20260604
000016,0,0,0,0,0,0,0,20250528,20260604
000017,0,0,0,0,0,0,0,20250528,20260604
000018,0,0,0,0,0,0,0,20250528,20260604
000019,0,0,0,0,0,0,0,20250528,20260604
000020,0,0,0,0,0,0,0,20250528,20260604
000021,0,0,0,0,0,0,0,20250528,20260604
000022,0,0,0,0,0,0,0,20250528,20260604
000023,0,0,0,0,0,0,0,20250528,20260604
000024,0,0,0,0,0,0,0,20250528,20260604
000025,0,0,0,0,0,0,0,20250528,20260604
000026,0,0,0,0,0,0,0,20250528,20260604
000027,0,0,0,0,0,0,0,20250528,20260604
000028,0,0,0,0,0,0,0,20250528,20260604
000029,0,0,0,0,0,0,0,20250528,20260604
000030,0,0,0,0,0,0,0,20250528,20260604
000031,0,0,0,0,0,0,0,20250528,20260604
000040,0,0,0,0,0,0,0,20250528,20260604
000041,0,0,0,0,0,0,0,20250528,20260604
000042,0,0,0,0,0,0,0,20250528,20260604
000043,0,0,0,0,0,0,0,20250528,20260604
000044,0,0,0,0,0,0,0,20250528,20260604
000045,0,0,0,0,0,0,0,20250528,20260604
000046,0,0,0,0,0,0,0,20250528,20260604
000047,0,0,0,0,0,0,0,20250528,20260604
000048,0,0,0,0,0,0,0,20250528,20260604
000050,0,0,0,0,0,0,0,20250528,20260604
000065,0,0,0,0,0,0,0,20250528,20260604
000066,0,0,0,0,0,0,0,20250528,20260604
000067,0,0,0,0,0,0,0,20250528,20260604
000068,0,0,0,0,0,0,0,20250528,20260604
000069,0,0,0,0,0,0,0,20250528,20260604
000070,0,0,0,0,0,0,0,20250528,20260604
000071,0,0,0,0,0,0,0,20250528,20260604
000072,0,0,0,0,0,0,0,20250528,20260604
000073,0,0,0,0,0,0,0,20250528,20260604
000074,0,0,0,0,0,0,0,20250528,20260604
000075,0,0,0,0,0,0,0,20250528,20260604
000076,0,0,0,0,0,0,0,20250528,20260604
000077,0,0,0,0,0,0,0,20250528,20260604
000078,0,0,0,0,0,0,0,20250528,20260604
000079,0,0,0,0,0,0,0,20250528,20260604
000080,0,0,0,0,0,0,0,20250528,20260604
000083,0,0,0,0,0,0,0,20250528,20260604
000085,0,0,0,0,0,0,0,20250528,20260604
000087,0,0,0,0,0,0,0,20250528,20260604
000088,0,0,0,0,0,0,0,20250528,20260604
000097,0,0,0,0,0,0,0,20250528,20260604
000109,0,0,0,0,0,0,0,20250528,20260604
000110,0,0,0,0,0,0,0,20250528,20260604
000113,0,0,0,0,0,0,0,20250528,20260604
000114,0,0,0,0,0,0,0,20250528,20260604
000120,0,0,0,0,0,0,0,20250528,20260604
000121,0,0,0,0,0,0,0,20250528,20260604
000122,0,0,0,0,0,0,0,20250528,20260604
000123,0,0,0,0,0,0,0,20250528,20260604
000125,0,0,0,0,0,0,0,20250528,20260604
000126,0,0,0,0,0,0,0,20250528,20260604
000127,0,0,0,0,0,0,0,20250528,20260604
000128,0,0,0,0,0,0,0,20250528,20260604
000129,0,0,0,0,0,0,0,20250528,20260604
000130,0,0,0,0,0,0,0,20250528,20260604
000131,0,0,0,0,0,0,0,20250528,20260604
000132,0,0,0,0,0,0,0,20250528,20260604
000133,0,0,0,0,0,0,0,20250528,20260604
000134,0,0,0,0,0,0,0,20250528,20260604
000135,0,0,0,0,0,0,0,20250528,20260604
000136,0,0,0,0,0,0,0,20250528,20260604
000137,0,0,0,0,0,0,0,20250528,20260604
000138,0,0,0,0,0,0,0,20250528,20260604
000139,0,0,0,0,0,0,0,20250528,20260604
000140,0,0,0,0,0,0,0,20250528,20260604
000141,0,0,0,0,0,0,0,20250528,20260604
000142,0,0,0,0,0,0,0,20250528,20260604
000143,0,0,0,0,0,0,0,20250528,20260604
000144,0,0,0,0,0,0,0,20250528,20260604
000145,0,0,0,0,0,0,0,20250528,20260604
000146,0,0,0,0,0,0,0,20250528,20260604
000147,0,0,0,0,0,0,0,20250528,20260604
000148,0,0,0,0,0,0,0,20250528,20260604
000149,0,0,0,0,0,0,0,20250528,20260604
000150,0,0,0,0,0,0,0,20250528,20260604
000151,0,0,0,0,0,0,0,20250528,20260604
000152,0,0,0,0,0,0,0,20250528,20260604
000153,0,0,0,0,0,0,0,20250528,20260604
000154,0,0,0,0,0,0,0,20250528,20260604
000155,0,0,0,0,0,0,0,20250528,20260604
000156,0,0,0,0,0,0,0,20250528,20260604
000157,0,0,0,0,0,0,0,20250528,20260604
000158,0,0,0,0,0,0,0,20250528,20260604
000159,0,0,0,0,0,0,0,20250528,20260604
000160,0,0,0,0,0,0,0,20250528,20260604
000161,0,0,0,0,0,0,0,20250528,20260604
000162,0,0,0,0,0,0,0,20250528,20260604
000163,0,0,0,0,0,0,0,20250528,20260604
000164,0,0,0,0,0,0,0,20250528,20260604
000165,0,0,0,0,0,0,0,20250528,20260604
000166,0,0,0,0,0,0,0,20250528,20260604
000167,0,0,0,0,0,0,0,20250528,20260604
000168,0,0,0,0,0,0,0,20250528,20260604
000169,0,0,0,0,0,0,0,20250528,20260604
000170,0,0,0,0,0,0,0,20250528,20260604
000171,0,0,0,0,0,0,0,20250528,20260604
000172,0,0,0,0,0,0,0,20250528,20260604
000173,0,0,0,0,0,0,0,20250528,20260604
000174,0,0,0,0,0,0,0,20250528,20260604
000175,0,0,0,0,0,0,0,20250528,20260604
000176,0,0,0,0,0,0,0,20250528,20260604
000177,0,0,0,0,0,0,0,20250528,20260604
000178,0,0,0,0,0,0,0,20250528,20260604
000179,0,0,0,0,0,0,0,20250528,20260604
000180,0,0,0,0,0,0,0,20250528,20260604
000181,0,0,0,0,0,0,0,20250528,20260604
000182,0,0,0,0,0,0,0,20250528,20260604
000183,0,0,0,0,0,0,0,20250528,20260604
000184,0,0,0,0,0,0,0,20250528,20260604
000185,0,0,0,0,0,0,0,20250528,20260604
000186,0,0,0,0,0,0,0,20250528,20260604
000187,0,0,0,0,0,0,0,20250528,20260604
000188,0,0,0,0,0,0,0,20250528,20260604
000189,0,0,0,0,0,0,0,20250528,20260604
000190,0,0,0,0,0,0,0,20250528,20260604
000191,0,0,0,0,0,0,0,20250528,20260604
000192,0,0,0,0,0,0,0,20250528,20260604
000193,0,0,0,0,0,0,0,20250528,20260604
000194,0,0,0,0,0,0,0,20250528,20260604
000195,0,0,0,0,0,0,0,20250528,20260604
000196,0,0,0,0,0,0,0,20250528,20260604
000197,0,0,0,0,0,0,0,20250528,20260604
000198,0,0,0,0,0,0,0,20250528,20260604
000199,0,0,0,0,0,0,0,20250528,20260604
000200,0,0,0,0,0,0,0,20250528,20260604
000201,0,0,0,0,0,0,0,20250528,20260604
000202,0,0,0,0,0,0,0,20250528,20260604
000203,0,0,0,0,0,0,0,20250528,20260604
000204,0,0,0,0,0,0,0,20250528,20260604
000205,0,0,0,0,0,0,0,20250528,20260604
000206,0,0,0,0,0,0,0,20250528,20260604
000207,0,0,0,0,0,0,0,20250528,20260604
000208,0,0,0,0,0,0,0,20250528,20260604
000209,0,0,0,0,0,0,0,20250528,20260604
000210,0,0,0,0,0,0,0,20250528,20260604
000211,0,0,0,0,0,0,0,20250528,20260604
000212,0,0,0,0,0,0,0,20250528,20260604
000213,0,0,0,0,0,0,0,20250528,20260604
000214,0,0,0,0,0,0,0,20250528,20260604
000215,0,0,0,0,0,0,0,20250528,20260604
000216,0,0,0,0,0,0,0,20250528,20260604
000217,0,0,0,0,0,0,0,20250528,20260604
000218,0,0,0,0,0,0,0,20250528,20260604
000219,0,0,0,0,0,0,0,20250528,20260604
000220,0,0,0,0,0,0,0,20250528,20260604
000221,0,0,0,0,0,0,0,20250528,20260604
000222,0,0,0,0,0,0,0,20250528,20260604
000223,0,0,0,0,0,0,0,20250528,20260604
000224,0,0,0,0,0,0,0,20250528,20260604
000225,0,0,0,0,0,0,0,20250528,20260604
000226,0,0,0,0,0,0,0,20250528,20260604
000227,0,0,0,0,0,0,0,20250528,20260604
000228,0,0,0,0,0,0,0,20250528,20260604
000229,0,0,0,0,0,0,0,20250528,20260604
000230,0,0,0,0,0,0,0,20250528,20260604
000231,0,0,0,0,0,0,0,20250528,20260604
000232,0,0,0,0,0,0,0,20250528,20260604
000233,0,0,0,0,0,0,0,20250528,20260604
000234,0,0,0,0,0,0,0,20250528,20260604
000235,0,0,0,0,0,0,0,20250528,20260604
000236,0,0,0,0,0,0,0,20250528,20260604
000237,0,0,0,0,0,0,0,20250528,20260604
000238,0,0,0,0,0,0,0,20250528,20260604
000239,0,0,0,0,0,0,0,20250528,20260604
000240,0,0,0,0,0,0,0,20250528,20260604
000241,0,0,0,0,0,0,0,20250528,20260604
000243,0,0,0,0,0,0,0,20250528,20260604
000245,0,0,0,0,0,0,0,20250528,20260604
000246,0,0,0,0,0,0,0,20250528,20260604
000247,0,0,0,0,0,0,0,20250528,20260604
000248,0,0,0,0,0,0,0,20250528,20260604
000249,0,0,0,0,0,0,0,20250528,20260604
000250,0,0,0,0,0,0,0,20250528,20260604
000251,0,0,0,0,0,0,0,20250528,20260604
000252,0,0,0,0,0,0,0,20250528,20260604
000253,0,0,0,0,0,0,0,20250528,20260604
000254,0,0,0,0,0,0,0,20250528,20260604
000255,0,0,0,0,0,0,0,20250528,20260604
000256,0,0,0,0,0,0,0,20250528,20260604
000257,0,0,0,0,0,0,0,20250528,20260604
000258,0,0,0,0,0,0,0,20250528,20260604
000259,0,0,0,0,0,0,0,20250528,20260604
000260,0,0,0,0,0,0,0,20250528,20260604
000261,0,0,0,0,0,0,0,20250528,20260604
000262,0,0,0,0,0,0,0,20250528,20260604
000263,0,0,0,0,0,0,0,20250528,20260604
000264,0,0,0,0,0,0,0,20250528,20260604
000265,0,0,0,0,0,0,0,20250528,20260604
000266,0,0,0,0,0,0,0,20250528,20260604
000269,0,0,0,0,0,0,0,20250528,20260604
000272,0,0,0,0,0,0,0,20250528,20260604
000273,0,0,0,0,0,0,0,20250528,20260604
000274,0,0,0,0,0,0,0,20250528,20260604
000276,0,0,0,0,0,0,0,20250528,20260604
000277,0,0,0,0,0,0,0,20250528,20260604
000280,0,0,0,0,0,0,0,20250528,20260604
000281,0,0,0,0,0,0,0,20250528,20260604
000282,0,0,0,0,0,0,0,20250528,20260604
000283,0,0,0,0,0,0,0,20250528,20260604
000284,0,0,0,0,0,0,0,20250528,20260604
000285,0,0,0,0,0,0,0,20250528,20260604
000286,0,0,0,0,0,0,0,20250528,20260604
000287,0,0,0,0,0,0,0,20250528,20260604
000288,0,0,0,0,0,0,0,20250528,20260604
000289,0,0,0,0,0,0,0,20250528,20260604
000292,0,0,0,0,0,0,0,20250528,20260604
000293,0,0,0,0,0,0,0,20250528,20260604
000294,0,0,0,0,0,0,0,20250528,20260604
000295,0,0,0,0,0,0,0,20250528,20260604
000296,0,0,0,0,0,0,0,20250528,20260604
000297,0,0,0,0,0,0,0,20250528,20260604
000298,0,0,0,0,0,0,0,20250528,20260604
000299,0,0,0,0,0,0,0,20250528,20260604
000300,0,0,0,0,0,0,0,20250528,20260604
000301,0,0,0,0,0,0,0,20250528,20260604
000302,0,0,0,0,0,0,0,20250528,20260604
000303,0,0,0,0,0,0,0,20250528,20260604
000304,0,0,0,0,0,0,0,20250528,20260604
000305,0,0,0,0,0,0,0,20250528,20260604
000306,0,0,0,0,0,0,0,20250528,20260604
000307,0,0,0,0,0,0,0,20250528,20260604
000308,0,0,0,0,0,0,0,20250528,20260604
000309,0,0,0,0,0,0,0,20250528,20260604
000310,0,0,0,0,0,0,0,20250528,20260604
000311,0,0,0,0,0,0,0,20250528,20260604
000312,0,0,0,0,0,0,0,20250528,20260604
000313,0,0,0,0,0,0,0,20250528,20260604
000314,0,0,0,0,0,0,0,20250528,20260604
000315,0,0,0,0,0,0,0,20250528,20260604
000316,0,0,0,0,0,0,0,20250528,20260604
000317,0,0,0,0,0,0,0,20250528,20260604
000318,0,0,0,0,0,0,0,20250528,20260604
000319,0,0,0,0,0,0,0,20250528,20260604
000320,0,0,0,0,0,0,0,20250528,20260604
000321,0,0,0,0,0,0,0,20250528,20260604
000323,0,0,0,0,0,0,0,20250528,20260604
000326,0,0,0,0,0,0,0,20250528,20260604
000327,0,0,0,0,0,0,0,20250528,20260604
000328,0,0,0,0,0,0,0,20250528,20260604
000329,0,0,0,0,0,0,0,20250528,20260604
000330,0,0,0,0,0,0,0,20250528,20260604
000331,0,0,0,0,0,0,0,20250528,20260604
000332,0,0,0,0,0,0,0,20250528,20260604
000333,0,0,0,0,0,0,0,20250528,20260604
000337,0,0,0,0,0,0,0,20250528,20260604
000338,0,0,0,0,0,0,0,20250528,20260604
000339,0,0,0,0,0,0,0,20250528,20260604
000340,0,0,0,0,0,0,0,20250528,20260604
000341,0,0,0,0,0,0,0,20250528,20260604
000342,0,0,0,0,0,0,0,20250528,20260604
000343,0,0,0,0,0,0,0,20250528,20260604
000344,0,0,0,0,0,0,0,20250528,20260604
000345,0,0,0,0,0,0,0,20250528,20260604
000346,0,0,0,0,0,0,0,20250528,20260604
000347,0,0,0,0,0,0,0,20250528,20260604
000348,0,0,0,0,0,0,0,20250528,20260604
000349,0,0,0,0,0,0,0,20250528,20260604
000350,0,0,0,0,0,0,0,20250528,20260604
000351,0,0,0,0,0,0,0,20250528,20260604
000352,0,0,0,0,0,0,0,20250528,20260604
000353,0,0,0,0,0,0,0,20250528,20260604
000354,0,0,0,0,0,0,0,20250528,20260604
000355,0,0,0,0,0,0,0,20250528,20260604
000356,0,0,0,0,0,0,0,20250528,20260604
000357,0,0,0,0,0,0,0,20250528,20260604
000358,0,0,0,0,0,0,0,20250528,20260604
000359,0,0,0,0,0,0,0,20250528,20260604
000360,0,0,0,0,0,0,0,20250528,20260604
000361,0,0,0,0,0,0,0,20250528,20260604
000362,0,0,0,0,0,0,0,20250528,20260604
000363,0,0,0,0,0,0,0,20250528,20260604
000364,0,0,0,0,0,0,0,20250528,20260604
000365,0,0,0,0,0,0,0,20250528,20260604
000366,0,0,0,0,0,0,0,20250528,20260604
000367,0,0,0,0,0,0,0,20250528,20260604
000368,0,0,0,0,0,0,0,20250528,20260604
000369,0,0,0,0,0,0,0,20250528,20260604
000370,0,0,0,0,0,0,0,20250528,20260604
000371,0,0,0,0,0,0,0,20250528,20260604
000372,0,0,0,0,0,0,0,20250528,20260604
000373,0,0,0,0,0,0,0,20250528,20260604
000374,0,0,0,0,0,0,0,20250528,20260604
000375,0,0,0,0,0,0,0,20250528,20260604
000376,0,0,0,0,0,0,0,20250528,20260604
000377,0,0,0,0,0,0,0,20250528,20260604
000378,0,0,0,0,0,0,0,20250528,20260604
000379,0,0,0,0,0,0,0,20250528,20260604
000380,0,0,0,0,0,0,0,20250528,20260604
000381,0,0,0,0,0,0,0,20250528,20260604
000382,0,0,0,0,0,0,0,20250528,20260604
000383,0,0,0,0,0,0,0,20250528,20260604
000384,0,0,0,0,0,0,0,20250528,20260604
000385,0,0,0,0,0,0,0,20250528,20260604
000386,0,0,0,0,0,0,0,20250528,20260604
000387,0,0,0,0,0,0,0,20250528,20260604
000388,0,0,0,0,0,0,0,20250528,20260604
000389,0,0,0,0,0,0,0,20250528,20260604
000390,0,0,0,0,0,0,0,20250528,20260604
000391,0,0,0,0,0,0,0,20250528,20260604
000392,0,0,0,0,0,0,0,20250528,20260604
000393,0,0,0,0,0,0,0,20250528,20260604
000396,0,0,0,0,0,0,0,20250528,20260604
000397,0,0,0,0,0,0,0,20250528,20260604
000398,0,0,0,0,0,0,0,20250528,20260604
000399,0,0,0,0,0,0,0,20250528,20260604
000400,0,0,0,0,0,0,0,20250528,20260604
000401,0,0,0,0,0,0,0,20250528,20260604
000402,0,0,0,0,0,0,0,20250528,20260604
000403,0,0,0,0,0,0,0,20250528,20260604
000404,0,0,0,0,0,0,0,20250528,20260604
000405,0,0,0,0,0,0,0,20250528,20260604
000406,0,0,0,0,0,0,0,20250528,20260604
000407,0,0,0,0,0,0,0,20250528,20260604
000408,0,0,0,0,0,0,0,20250528,20260604
000409,0,0,0,0,0,0,0,20250528,20260604
000410,0,0,0,0,0,0,0,20250528,20260604
000411,0,0,0,0,0,0,0,20250528,20260604
000412,0,0,0,0,0,0,0,20250528,20260604
000413,0,0,0,0,0,0,0,20250528,20260604
000414,0,0,0,0,0,0,0,20250528,20260604
000415,0,0,0,0,0,0,0,20250528,20260604
000416,0,0,0,0,0,0,0,20250528,20260604
000417,0,0,0,0,0,0,0,20250528,20260604
000418,0,0,0,0,0,0,0,20250528,20260604
000419,0,0,0,0,0,0,0,20250528,20260604
000420,0,0,0,0,0,0,0,20250528,20260604
000422,0,0,0,0,0,0,0,20250528,20260604
000423,0,0,0,0,0,0,0,20250528,20260604
000424,0,0,0,0,0,0,0,20250528,20260604
000425,0,0,0,0,0,0,0,20250528,20260604
000426,0,0,0,0,0,0,0,20250528,20260604
000427,0,0,0,0,0,0,0,20250528,20260604
000428,0,0,0,0,0,0,0,20250528,20260604
000429,0,0,0,0,0,0,0,20250528,20260604
000430,0,0,0,0,0,0,0,20250528,20260604
000431,0,0,0,0,0,0,0,20250528,20260604
000432,0,0,0,0,0,0,0,20250528,20260604
000433,0,0,0,0,0,0,0,20250528,20260604
000434,0,0,0,0,0,0,0,20250528,20260604
000435,0,0,0,0,0,0,0,20250528,20260604
000436,0,0,0,0,0,0,0,20250528,20260604
000437,0,0,0,0,0,0,0,20250528,20260604
000440,0,0,0,0,0,0,0,20250528,20260604
000463,0,0,0,0,0,0,0,20250528,20260604
000467,0,0,0,0,0,0,0,20250528,20260604
000469,0,0,0,0,0,0,0,20250528,20260604
000470,0,0,0,0,0,0,0,20250528,20260604
000473,0,0,0,0,0,0,0,20250528,20260604
000487,0,0,0,0,0,0,0,20250528,20260604
000488,0,0,0,0,0,0,0,20250528,20260604
000492,0,0,0,0,0,0,0,20250528,20260604
000495,0,0,0,0,0,0,0,20250528,20260604
000496,0,0,0,0,0,0,0,20250528,20260604
000497,0,0,0,0,0,0,0,20250528,20260604
000501,0,0,0,0,0,0,0,20250528,20260604
000531,0,0,0,0,0,0,0,20250528,20260604
000533,0,0,0,0,0,0,0,20250528,20260604
000542,0,0,0,0,0,0,0,20250528,20260604
000554,0,0,0,0,0,0,0,20250528,20260604
000555,0,0,0,0,0,0,0,20250528,20260604
000564,0,0,0,0,0,0,0,20250528,20260604
000567,0,0,0,0,0,0,0,20250528,20260604
000579,0,0,0,0,0,0,0,20250528,20260604
000599,0,0,0,0,0,0,0,20250528,20260604
000613,0,0,0,0,0,0,0,20250528,20260604
000615,0,0,0,0,0,0,0,20250528,20260604
000625,0,0,0,0,0,0,0,20250528,20260604
000636,0,0,0,0,0,0,0,20250528,20260604
000647,0,0,0,0,0,0,0,20250528,20260604
000655,0,0,0,0,0,0,0,20250528,20260604
000657,0,0,0,0,0,0,0,20250528,20260604
000669,0,0,0,0,0,0,0,20250528,20260604
000687,0,0,0,0,0,0,0,20250528,20260604
000697,0,0,0,0,0,0,0,20250528,20260604
000709,0,0,0,0,0,0,0,20250528,20260604
000710,0,0,0,0,0,0,0,20250528,20260604
000743,0,0,0,0,0,0,0,20250528,20260604
000762,0,0,0,0,0,0,0,20250528,20260604
000775,0,0,0,0,0,0,0,20250528,20260604
000777,0,0,0,0,0,0,0,20250528,20260604
000789,0,0,0,0,0,0,0,20250528,20260604
000797,0,0,0,0,0,0,0,20250528,20260604
000802,0,0,0,0,0,0,0,20250528,20260604
000848,0,0,0,0,0,0,0,20250528,20260604
000927,0,0,0,0,0,0,0,20250528,20260604
000928,0,0,0,0,0,0,0,20250528,20260604
000938,0,0,0,0,0,0,0,20250528,20260604
000942,0,0,0,0,0,0,0,20250528,20260604
000963,0,0,0,0,0,0,0,20250528,20260604
000976,0,0,0,0,0,0,0,20250528,20260604
000978,0,0,0,0,0,0,0,20250528,20260604
000987,0,0,0,0,0,0,0,20250528,20260604
001008,0,0,0,0,0,0,0,20250528,20260604
001018,0,0,0,0,0,0,0,20250528,20260604
001028,0,0,0,0,0,0,0,20250528,20260604
001044,0,0,0,0,0,0,0,20250528,20260604
001070,0,0,0,0,0,0,0,20250528,20260604
001072,0,0,0,0,0,0,0,20250528,20260604
001097,0,0,0,0,0,0,0,20250528,20260604
001138,0,0,0,0,0,0,0,20250528,20260604
001151,0,0,0,0,0,0,0,20250528,20260604
001193,0,0,0,0,0,0,0,20250528,20260604
001232,0,0,0,0,0,0,0,20250528,20260604
001233,0,0,0,0,0,0,0,20250528,20260604
001234,0,0,0,0,0,0,0,20250528,20260604
001235,0,0,0,0,0,0,0,20250528,20260604
001236,0,0,0,0,0,0,0,20250528,20260604
001237,0,0,0,0,0,0,0,20250528,20260604
001238,0,0,0,0,0,0,0,20250528,20260604
001239,0,0,0,0,0,0,0,20250528,20260604
001240,0,0,0,0,0,0,0,20250528,20260604
001241,0,0,0,0,0,0,0,20250528,20260604
001242,0,0,0,0,0,0,0,20250528,20260604
001261,0,0,0,0,0,0,0,20250528,20260604
001265,0,0,0,0,0,0,0,20250528,20260604
001266,0,0,0,0,0,0,0,20250528,20260604
001272,0,0,0,0,0,0,0,20250528,20260604
001273,0,0,0,0,0,0,0,20250528,20260604
001274,0,0,0,0,0,0,0,20250528,20260604
001350,0,0,0,0,0,0,0,20250528,20260604
001358,0,0,0,0,0,0,0,20250528,20260604
001359,0,0,0,0,0,0,0,20250528,20260604
001360,0,0,0,0,0,0,0,20250528,20260604
001361,0,0,0,0,0,0,0,20250528,20260604
001362,0,0,0,0,0,0,0,20250528,20260604
001363,0,0,0,0,0,0,0,20250528,20260604
001364,0,0,0,0,0,0,0,20250528,20260604
001373,0,0,0,0,0,0,0,20250528,20260604
001379,0,0,0,0,0,0,0,20250528,20260604
001405,0,0,0,0,0,0,0,20250528,20260604
001414,0,0,0,0,0,0,0,20250528,20260604
001434,0,0,0,0,0,0,0,20250528,20260604
001441,0,0,0,0,0,0,0,20250528,20260604
001459,0,0,0,0,0,0,0,20250528,20260604
001463,0,0,0,0,0,0,0,20250528,20260604
001464,0,0,0,0,0,0,0,20250528,20260604
001465,0,0,0,0,0,0,0,20250528,20260604
001466,0,0,0,0,0,0,0,20250528,20260604
001467,0,0,0,0,0,0,0,20250528,20260604
001468,0,0,0,0,0,0,0,20250528,20260604
001469,0,0,0,0,0,0,0,20250528,20260604
001494,0,0,0,0,0,0,0,20250528,20260604
001495,0,0,0,0,0,0,0,20250528,20260604
001496,0,0,0,0,0,0,0,20250528,20260604
001497,0,0,0,0,0,0,0,20250528,20260604
001498,0,0,0,0,0,0,0,20250528,20260604
001500,0,0,0,0,0,0,0,20250528,20260604
001501,0,0,0,0,0,0,0,20250528,20260604
001502,0,0,0,0,0,0,0,20250528,20260604
001503,0,0,0,0,0,0,0,20250528,20260604
001509,0,0,0,0,0,0,0,20250528,20260604
001512,0,0,0,0,0,0,0,20250528,20260604
001513,0,0,0,0,0,0,0,20250528,20260604
001514,0,0,0,0,0,0,0,20250528,20260604
001539,0,0,0,0,0,0,0,20250528,20260604
001643,0,0,0,0,0,0,0,20250528,20260604
001648,0,0,0,0,0,0,0,20250528,20260604
001654,0,0,0,0,0,0,0,20250528,20260604
001655,0,0,0,0,0,0,0,20250528,20260604
001699,0,0,0,0,0,0,0,20250528,20260604
001717,0,0,0,0,0,0,0,20250528,20260604
001731,0,0,0,0,0,0,0,20250528,20260604
001772,0,0,0,0,0,0,0,20250528,20260604
001774,0,0,0,0,0,0,0,20250528,20260604
001808,0,0,0,0,0,0,0,20250528,20260604
001832,0,0,0,0,0,0,0,20250528,20260604
001846,0,0,0,0,0,0,0,20250528,20260604
001865,0,0,0,0,0,0,0,20250528,20260604
001874,0,0,0,0,0,0,0,20250528,20260604
001954,0,0,0,0,0,0,0,20250528,20260604
002046,0,0,0,0,0,0,0,20250528,20260604
002047,0,0,0,0,0,0,0,20250528,20260604
002057,0,0,0,0,0,0,0,20250528,20260604
002106,0,0,0,0,0,0,0,20250528,20260604
002122,0,0,0,0,0,0,0,20250528,20260604
002143,0,0,0,0,0,0,0,20250528,20260604
002153,0,0,0,0,0,0,0,20250528,20260604
002173,0,0,0,0,0,0,0,20250528,20260604
002176,0,0,0,0,0,0,0,20250528,20260604
002282,0,0,0,0,0,0,0,20250528,20260604
002284,0,0,0,0,0,0,0,20250528,20260604
002288,0,0,0,0,0,0,0,20250528,20260604
002292,0,0,0,0,0,0,0,20250528,20260604
002293,0,0,0,0,0,0,0,20250528,20260604
002294,0,0,0,0,0,0,0,20250528,20260604
002295,0,0,0,0,0,0,0,20250528,20260604
002296,0,0,0,0,0,0,0,20250528,20260604
002297,0,0,0,0,0,0,0,20250528,20260604
002319,0,0,0,0,0,0,0,20250528,20260604
002332,0,0,0,0,0,0,0,20250528,20260604
002378,0,0,0,0,0,0,0,20250528,20260604
002381,0,0,0,0,0,0,0,20250528,20260604
002403,0,0,0,0,0,0,0,20250528,20260604
002415,0,0,0,0,0,0,0,20250528,20260604
002426,0,0,0,0,0,0,0,20250528,20260604
002433,0,0,0,0,0,0,0,20250528,20260604
002509,0,0,0,0,0,0,0,20250528,20260604
002529,0,0,0,0,0,0,0,20250528,20260604
002566,0,0,0,0,0,0,0,20250528,20260604
002574,0,0,0,0,0,0,0,20250528,20260604
002575,0,0,0,0,0,0,0,20250528,20260604
002579,0,0,0,0,0,0,0,20250528,20260604
002698,0,0,0,0,0,0,0,20250528,20260604
002730,0,0,0,0,0,0,0,20250528,20260604
002862,0,0,0,0,0,0,0,20250528,20260604
002989,0,0,0,0,0,0,0,20250528,20260604
003030,0,0,0,0,0,0,0,20250528,20260604
003119,0,0,0,0,0,0,0,20250528,20260604
003153,0,0,0,0,0,0,0,20250528,20260604
003534,0,0,0,0,0,0,0,20250528,20260604
003550,0,0,0,0,0,0,0,20250528,20260604
003721,0,0,0,0,0,0,0,20250528,20260604
003740,0,0,0,0,0,0,0,20250528,20260604
003815,0,0,0,0,0,0,0,20250528,20260604
003816,0,0,0,0,0,0,0,20250528,20260604
004047,0,0,0,0,0,0,0,20250528,20260604
004206,0,0,0,0,0,0,0,20250528,20260604
004271,0,0,0,0,0,0,0,20250528,20260604
004272,0,0,0,0,0,0,0,20250528,20260604
004273,0,0,0,0,0,0,0,20250528,20260604
004274,0,0,0,0,0,0,0,20250528,20260604
004275,0,0,0,0,0,0,0,20250528,20260604
004276,0,0,0,0,0,0,0,20250528,20260604
004277,0,0,0,0,0,0,0,20250528,20260604
004278,0,0,0,0,0,0,0,20250528,20260604
004279,0,0,0,0,0,0,0,20250528,20260604
004280,0,0,0,0,0,0,0,20250528,20260604
004281,0,0,0,0,0,0,0,20250528,20260604
004285,0,0,0,0,0,0,0,20250528,20260604
004286,0,0,0,0,0,0,0,20250528,20260604
004287,0,0,0,0,0,0,0,20250528,20260604
004288,0,0,0,0,0,0,0,20250528,20260604
004316,0,0,0,0,0,0,0,20250528,20260604
004317,0,0,0,0,0,0,0,20250528,20260604
004318,0,0,0,0,0,0,0,20250528,20260604
004319,0,0,0,0,0,0,0,20250528,20260604
004320,0,0,0,0,0,0,0,20250528,20260604
004321,0,0,0,0,0,0,0,20250528,20260604
004322,0,0,0,0,0,0,0,20250528,20260604
004323,0,0,0,0,0,0,0,20250528,20260604
004324,0,0,0,0,0,0,0,20250528,20260604
004325,0,0,0,0,0,0,0,20250528,20260604
004326,0,0,0,0,0,0,0,20250528,20260604
004327,0,0,0,0,0,0,0,20250528,20260604
004329,0,0,0,0,0,0,0,20250528,20260604
004330,0,0,0,0,0,0,0,20250528,20260604
004331,0,0,0,0,0,0,0,20250528,20260604
004332,0,0,0,0,0,0,0,20250528,20260604
004333,0,0,0,0,0,0,0,20250528,20260604
004334,0,0,0,0,0,0,0,20250528,20260604
004335,0,0,0,0,0,0,0,20250528,20260604
004336,0,0,0,0,0,0,0,20250528,20260604
004337,0,0,0,0,0,0,0,20250528,20260604
004338,0,0,0,0,0,0,0,20250528,20260604
004339,0,0,0,0,0,0,0,20250528,20260604
004340,0,0,0,0,0,0,0,20250528,20260604
004341,0,0,0,0,0,0,0,20250528,20260604
004342,0,0,0,0,0,0,0,20250528,20260604
004343,0,0,0,0,0,0,0,20250528,20260604
004344,0,0,0,0,0,0,0,20250528,20260604
004345,0,0,0,0,0,0,0,20250528,20260604
004346,0,0,0,0,0,0,0,20250528,20260604
004347,0,0,0,0,0,0,0,20250528,20260604
004348,0,0,0,0,0,0,0,20250528,20260604
004349,0,0,0,0,0,0,0,20250528,20260604
004350,0,0,0,0,0,0,0,20250528,20260604
004351,0,0,0,0,0,0,0,20250528,20260604
004352,0,0,0,0,0,0,0,20250528,20260604
004353,0,0,0,0,0,0,0,20250528,20260604
004354,0,0,0,0,0,0,0,20250528,20260604
004355,0,0,0,0,0,0,0,20250528,20260604
004356,0,0,0,0,0,0,0,20250528,20260604
004357,0,0,0,0,0,0,0,20250528,20260604
004358,0,0,0,0,0,0,0,20250528,20260604
004359,0,0,0,0,0,0,0,20250528,20260604
004360,0,0,0,0,0,0,0,20250528,20260604
004361,0,0,0,0,0,0,0,20250528,20260604
004362,0,0,0,0,0,0,0,20250528,20260604
004363,0,0,0,0,0,0,0,20250528,20260604
004364,0,0,0,0,0,0,0,20250528,20260604
004365,0,0,0,0,0,0,0,20250528,20260604
004366,0,0,0,0,0,0,0,20250528,20260604
004367,0,0,0,0,0,0,0,20250528,20260604
004368,0,0,0,0,0,0,0,20250528,20260604
004369,0,0,0,0,0,0,0,20250528,20260604
004370,0,0,0,0,0,0,0,20250528,20260604
004371,0,0,0,0,0,0,0,20250528,20260604
004372,0,0,0,0,0,0,0,20250528,20260604
004373,0,0,0,0,0,0,0,20250528,20260604
004374,0,0,0,0,0,0,0,20250528,20260604
004375,0,0,0,0,0,0,0,20250528,20260604
004376,0,0,0,0,0,0,0,20250528,20260604
004377,0,0,0,0,0,0,0,20250528,20260604
004378,0,0,0,0,0,0,0,20250528,20260604
004379,0,0,0,0,0,0,0,20250528,20260604
004380,0,0,0,0,0,0,0,20250528,20260604
004381,0,0,0,0,0,0,0,20250528,20260604
004382,0,0,0,0,0,0,0,20250528,20260604
004383,0,0,0,0,0,0,0,20250528,20260604
004384,0,0,0,0,0,0,0,20250528,20260604
004385,0,0,0,0,0,0,0,20250528,20260604
004386,0,0,0,0,0,0,0,20250528,20260604
004387,0,0,0,0,0,0,0,20250528,20260604
004388,0,0,0,0,0,0,0,20250528,20260604
004390,0,0,0,0,0,0,0,20250528,20260604
004392,0,0,0,0,0,0,0,20250528,20260604
004393,0,0,0,0,0,0,0,20250528,20260604
004394,0,0,0,0,0,0,0,20250528,20260604
004395,0,0,0,0,0,0,0,20250528,20260604
004396,0,0,0,0,0,0,0,20250528,20260604
004397,0,0,0,0,0,0,0,20250528,20260604
004398,0,0,0,0,0,0,0,20250528,20260604
004399,0,0,0,0,0,0,0,20250528,20260604
004400,0,0,0,0,0,0,0,20250528,20260604
004401,0,0,0,0,0,0,0,20250528,20260604
004402,0,0,0,0,0,0,0,20250528,20260604
004403,0,0,0,0,0,0,0,20250528,20260604
004404,0,0,0,0,0,0,0,20250528,20260604
004405,0,0,0,0,0,0,0,20250528,20260604
004406,0,0,0,0,0,0,0,20250528,20260604
004407,0,0,0,0,0,0,0,20250528,20260604
004408,0,0,0,0,0,0,0,20250528,20260604
004409,0,0,0,0,0,0,0,20250528,20260604
004410,0,0,0,0,0,0,0,20250528,20260604
004411,0,0,0,0,0,0,0,20250528,20260604
004412,0,0,0,0,0,0,0,20250528,20260604
004413,0,0,0,0,0,0,0,20250528,20260604
004414,0,0,0,0,0,0,0,20250528,20260604
004415,0,0,0,0,0,0,0,20250528,20260604
004416,0,0,0,0,0,0,0,20250528,20260604
004417,0,0,0,0,0,0,0,20250528,20260604
004418,0,0,0,0,0,0,0,20250528,20260604
004419,0,0,0,0,0,0,0,20250528,20260604
004420,0,0,0,0,0,0,0,20250528,20260604
004421,0,0,0,0,0,0,0,20250528,20260604
004422,0,0,0,0,0,0,0,20250528,20260604
004423,0,0,0,0,0,0,0,20250528,20260604
004424,0,0,0,0,0,0,0,20250528,20260604
004425,0,0,0,0,0,0,0,20250528,20260604
004426,0,0,0,0,0,0,0,20250528,20260604
004427,0,0,0,0,0,0,0,20250528,20260604
004428,0,0,0,0,0,0,0,20250528,20260604
004429,0,0,0,0,0,0,0,20250528,20260604
004430,0,0,0,0,0,0,0,20250528,20260604
004431,0,0,0,0,0,0,0,20250528,20260604
004432,0,0,0,0,0,0,0,20250528,20260604
004433,0,0,0,0,0,0,0,20250528,20260604
004434,0,0,0,0,0,0,0,20250528,20260604
004435,0,0,0,0,0,0,0,20250528,20260604
004436,0,0,0,0,0,0,0,20250528,20260604
004437,0,0,0,0,0,0,0,20250528,20260604
004438,0,0,0,0,0,0,0,20250528,20260604
004439,0,0,0,0,0,0,0,20250528,20260604
004440,0,0,0,0,0,0,0,20250528,20260604
004441,0,0,0,0,0,0,0,20250528,20260604
004442,0,0,0,0,0,0,0,20250528,20260604
004443,0,0,0,0,0,0,0,20250528,20260604
004444,0,0,0,0,0,0,0,20250528,20260604
004445,0,0,0,0,0,0,0,20250528,20260604
004446,0,0,0,0,0,0,0,20250528,20260604
004447,0,0,0,0,0,0,0,20250528,20260604
004448,0,0,0,0,0,0,0,20250528,20260604
004449,0,0,0,0,0,0,0,20250528,20260604
004450,0,0,0,0,0,0,0,20250528,20260604
004451,0,0,0,0,0,0,0,20250528,20260604
004452,0,0,0,0,0,0,0,20250528,20260604
004453,0,0,0,0,0,0,0,20250528,20260604
004454,0,0,0,0,0,0,0,20250528,20260604
004455,0,0,0,0,0,0,0,20250528,20260604
004456,0,0,0,0,0,0,0,20250528,20260604
004457,0,0,0,0,0,0,0,20250528,20260604
004458,0,0,0,0,0,0,0,20250528,20260604
004459,0,0,0,0,0,0,0,20250528,20260604
004460,0,0,0,0,0,0,0,20250528,20260604
004461,0,0,0,0,0,0,0,20250528,20260604
004462,0,0,0,0,0,0,0,20250528,20260604
004463,0,0,0,0,0,0,0,20250528,20260604
004464,0,0,0,0,0,0,0,20250528,20260604
004465,0,0,0,0,0,0,0,20250528,20260604
004466,0,0,0,0,0,0,0,20250528,20260604
004467,0,0,0,0,0,0,0,20250528,20260604
004468,0,0,0,0,0,0,0,20250528,20260604
004469,0,0,0,0,0,0,0,20250528,20260604
004470,0,0,0,0,0,0,0,20250528,20260604
004471,0,0,0,0,0,0,0,20250528,20260604
004472,0,0,0,0,0,0,0,20250528,20260604
004473,0,0,0,0,0,0,0,20250528,20260604
004474,0,0,0,0,0,0,0,20250528,20260604
004475,0,0,0,0,0,0,0,20250528,20260604
004476,0,0,0,0,0,0,0,20250528,20260604
004477,0,0,0,0,0,0,0,20250528,20260604
004478,0,0,0,0,0,0,0,20250528,20260604
004479,0,0,0,0,0,0,0,20250528,20260604
004480,0,0,0,0,0,0,0,20250528,20260604
004481,0,0,0,0,0,0,0,20250528,20260604
004482,0,0,0,0,0,0,0,20250528,20260604
004483,0,0,0,0,0,0,0,20250528,20260604
004484,0,0,0,0,0,0,0,20250528,20260604
004485,0,0,0,0,0,0,0,20250528,20260604
004486,0,0,0,0,0,0,0,20250528,20260604
004487,0,0,0,0,0,0,0,20250528,20260604
004488,0,0,0,0,0,0,0,20250528,20260604
004489,0,0,0,0,0,0,0,20250528,20260604
004490,0,0,0,0,0,0,0,20250528,20260604
004491,0,0,0,0,0,0,0,20250528,20260604
004492,0,0,0,0,0,0,0,20250528,20260604
004493,0,0,0,0,0,0,0,20250528,20260604
004494,0,0,0,0,0,0,0,20250528,20260604
004495,0,0,0,0,0,0,0,20250528,20260604
004496,0,0,0,0,0,0,0,20250528,20260604
004497,0,0,0,0,0,0,0,20250528,20260604
004498,0,0,0,0,0,0,0,20250528,20260604
004499,0,0,0,0,0,0,0,20250528,20260604
004500,0,0,0,0,0,0,0,20250528,20260604
004501,0,0,0,0,0,0,0,20250528,20260604
004502,0,0,0,0,0,0,0,20250528,20260604
004503,0,0,0,0,0,0,0,20250528,20260604
004504,0,0,0,0,0,0,0,20250528,20260604
004505,0,0,0,0,0,0,0,20250528,20260604
004506,0,0,0,0,0,0,0,20250528,20260604
004507,0,0,0,0,0,0,0,20250528,20260604
004508,0,0,0,0,0,0,0,20250528,20260604
004509,0,0,0,0,0,0,0,20250528,20260604
004510,0,0,0,0,0,0,0,20250528,20260604
004511,0,0,0,0,0,0,0,20250528,20260604
004512,0,0,0,0,0,0,0,20250528,20260604
004513,0,0,0,0,0,0,0,20250528,20260604
004514,0,0,0,0,0,0,0,20250528,20260604
004515,0,0,0,0,0,0,0,20250528,20260604
004518,0,0,0,0,0,0,0,20250528,20260604
004519,0,0,0,0,0,0,0,20250528,20260604
004527,0,0,0,0,0,0,0,20250528,20260604
004528,0,0,0,0,0,0,0,20250528,20260604
004529,0,0,0,0,0,0,0,20250528,20260604
004530,0,0,0,0,0,0,0,20250528,20260604
004531,0,0,0,0,0,0,0,20250528,20260604
004532,0,0,0,0,0,0,0,20250528,20260604
004533,0,0,0,0,0,0,0,20250528,20260604
004534,0,0,0,0,0,0,0,20250528,20260604
004535,0,0,0,0,0,0,0,20250528,20260604
004536,0,0,0,0,0,0,0,20250528,20260604
004537,0,0,0,0,0,0,0,20250528,20260604
004538,0,0,0,0,0,0,0,20250528,20260604
004539,0,0,0,0,0,0,0,20250528,20260604
004540,0,0,0,0,0,0,0,20250528,20260604
004541,0,0,0,0,0,0,0,20250528,20260604
004542,0,0,0,0,0,0,0,20250528,20260604
004543,0,0,0,0,0,0,0,20250528,20260604
004544,0,0,0,0,0,0,0,20250528,20260604
004545,0,0,0,0,0,0,0,20250528,20260604
004546,0,0,0,0,0,0,0,20250528,20260604
004547,0,0,0,0,0,0,0,20250528,20260604
004548,0,0,0,0,0,0,0,20250528,20260604
004549,0,0,0,0,0,0,0,20250528,20260604
004550,0,0,0,0,0,0,0,20250528,20260604
004551,0,0,0,0,0,0,0,20250528,20260604
004552,0,0,0,0,0,0,0,20250528,20260604
004553,0,0,0,0,0,0,0,20250528,20260604
004554,0,0,0,0,0,0,0,20250528,20260604
004555,0,0,0,0,0,0,0,20250528,20260604
004556,0,0,0,0,0,0,0,20250528,20260604
004557,0,0,0,0,0,0,0,20250528,20260604
004558,0,0,0,0,0,0,0,20250528,20260604
004559,0,0,0,0,0,0,0,20250528,20260604
004560,0,0,0,0,0,0,0,20250528,20260604
004561,0,0,0,0,0,0,0,20250528,20260604
004562,0,0,0,0,0,0,0,20250528,20260604
004563,0,0,0,0,0,0,0,20250528,20260604
004564,0,0,0,0,0,0,0,20250528,20260604
004565,0,0,0,0,0,0,0,20250528,20260604
004566,0,0,0,0,0,0,0,20250528,20260604
004567,0,0,0,0,0,0,0,20250528,20260604
004568,0,0,0,0,0,0,0,20250528,20260604
004569,0,0,0,0,0,0,0,20250528,20260604
004570,0,0,0,0,0,0,0,20250528,20260604
004571,0,0,0,0,0,0,0,20250528,20260604
004572,0,0,0,0,0,0,0,20250528,20260604
004573,0,0,0,0,0,0,0,20250528,20260604
004574,0,0,0,0,0,0,0,20250528,20260604
004575,0,0,0,0,0,0,0,20250528,20260604
004576,0,0,0,0,0,0,0,20250528,20260604
004577,0,0,0,0,0,0,0,20250528,20260604
004578,0,0,0,0,0,0,0,20250528,20260604
004579,0,0,0,0,0,0,0,20250528,20260604
004580,0,0,0,0,0,0,0,20250528,20260604
004581,0,0,0,0,0,0,0,20250528,20260604
004582,0,0,0,0,0,0,0,20250528,20260604
004583,0,0,0,0,0,0,0,20250528,20260604
004584,0,0,0,0,0,0,0,20250528,20260604
004585,0,0,0,0,0,0,0,20250528,20260604
004586,0,0,0,0,0,0,0,20250528,20260604
004587,0,0,0,0,0,0,0,20250528,20260604
004588,0,0,0,0,0,0,0,20250528,20260604
004589,0,0,0,0,0,0,0,20250528,20260604
004590,0,0,0,0,0,0,0,20250528,20260604
004591,0,0,0,0,0,0,0,20250528,20260604
004592,0,0,0,0,0,0,0,20250528,20260604
004593,0,0,0,0,0,0,0,20250528,20260604
004594,0,0,0,0,0,0,0,20250528,20260604
004595,0,0,0,0,0,0,0,20250528,20260604
004599,0,0,0,0,0,0,0,20250528,20260604
004600,0,0,0,0,0,0,0,20250528,20260604
004601,0,0,0,0,0,0,0,20250528,20260604
004602,0,0,0,0,0,0,0,20250528,20260604
004603,0,0,0,0,0,0,0,20250528,20260604
004604,0,0,0,0,0,0,0,20250528,20260604
004605,0,0,0,0,0,0,0,20250528,20260604
004608,0,0,0,0,0,0,0,20250528,20260604
004609,0,0,0,0,0,0,0,20250528,20260604
004610,0,0,0,0,0,0,0,20250528,20260604
004611,0,0,0,0,0,0,0,20250528,20260604
004612,0,0,0,0,0,0,0,20250528,20260604
004613,0,0,0,0,0,0,0,20250528,20260604
004614,0,0,0,0,0,0,0,20250528,20260604
004615,0,0,0,0,0,0,0,20250528,20260604
004616,0,0,0,0,0,0,0,20250528,20260604
004617,0,0,0,0,0,0,0,20250528,20260604
004618,0,0,0,0,0,0,0,20250528,20260604
004619,0,0,0,0,0,0,0,20250528,20260604
004620,0,0,0,0,0,0,0,20250528,20260604
004621,0,0,0,0,0,0,0,20250528,20260604
004622,0,0,0,0,0,0,0,20250528,20260604
004623,0,0,0,0,0,0,0,20250528,20260604
004624,0,0,0,0,0,0,0,20250528,20260604
004625,0,0,0,0,0,0,0,20250528,20260604
004626,0,0,0,0,0,0,0,20250528,20260604
004627,0,0,0,0,0,0,0,20250528,20260604
004628,0,0,0,0,0,0,0,20250528,20260604
004629,0,0,0,0,0,0,0,20250528,20260604
004630,0,0,0,0,0,0,0,20250528,20260604
004631,0,0,0,0,0,0,0,20250528,20260604
004632,0,0,0,0,0,0,0,20250528,20260604
004633,0,0,0,0,0,0,0,20250528,20260604
004634,0,0,0,0,0,0,0,20250528,20260604
004635,0,0,0,0,0,0,0,20250528,20260604
004636,0,0,0,0,0,0,0,20250528,20260604
004637,0,0,0,0,0,0,0,20250528,20260604
004638,0,0,0,0,0,0,0,20250528,20260604
004639,0,0,0,0,0,0,0,20250528,20260604
004640,0,0,0,0,0,0,0,20250528,20260604
004641,0,0,0,0,0,0,0,20250528,20260604
004642,0,0,0,0,0,0,0,20250528,20260604
004643,0,0,0,0,0,0,0,20250528,20260604
004644,0,0,0,0,0,0,0,20250528,20260604
004645,0,0,0,0,0,0,0,20250528,20260604
004646,0,0,0,0,0,0,0,20250528,20260604
004647,0,0,0,0,0,0,0,20250528,20260604
004648,0,0,0,0,0,0,0,20250528,20260604
004649,0,0,0,0,0,0,0,20250528,20260604
004650,0,0,0,0,0,0,0,20250528,20260604
004651,0,0,0,0,0,0,0,20250528,20260604
004652,0,0,0,0,0,0,0,20250528,20260604
004653,0,0,0,0,0,0,0,20250528,20260604
004654,0,0,0,0,0,0,0,20250528,20260604
004655,0,0,0,0,0,0,0,20250528,20260604
004656,0,0,0,0,0,0,0,20250528,20260604
004657,0,0,0,0,0,0,0,20250528,20260604
004658,0,0,0,0,0,0,0,20250528,20260604
004659,0,0,0,0,0,0,0,20250528,20260604
004660,0,0,0,0,0,0,0,20250528,20260604
004661,0,0,0,0,0,0,0,20250528,20260604
004662,0,0,0,0,0,0,0,20250528,20260604
004663,0,0,0,0,0,0,0,20250528,20260604
004664,0,0,0,0,0,0,0,20250528,20260604
004665,0,0,0,0,0,0,0,20250528,20260604
004666,0,0,0,0,0,0,0,20250528,20260604
004667,0,0,0,0,0,0,0,20250528,20260604
004668,0,0,0,0,0,0,0,20250528,20260604
004669,0,0,0,0,0,0,0,20250528,20260604
004670,0,0,0,0,0,0,0,20250528,20260604
004671,0,0,0,0,0,0,0,20250528,20260604
004672,0,0,0,0,0,0,0,20250528,20260604
004673,0,0,0,0,0,0,0,20250528,20260604
004674,0,0,0,0,0,0,0,20250528,20260604
004675,0,0,0,0,0,0,0,20250528,20260604
004676,0,0,0,0,0,0,0,20250528,20260604
004677,0,0,0,0,0,0,0,20250528,20260604
004678,0,0,0,0,0,0,0,20250528,20260604
004679,0,0,0,0,0,0,0,20250528,20260604
004680,0,0,0,0,0,0,0,20250528,20260604
004681,0,0,0,0,0,0,0,20250528,20260604
004682,0,0,0,0,0,0,0,20250528,20260604
004683,0,0,0,0,0,0,0,20250528,20260604
004684,0,0,0,0,0,0,0,20250528,20260604
004685,0,0,0,0,0,0,0,20250528,20260604
004691,0,0,0,0,0,0,0,20250528,20260604
004692,0,0,0,0,0,0,0,20250528,20260604
004693,0,0,0,0,0,0,0,20250528,20260604
004694,0,0,0,0,0,0,0,20250528,20260604
004695,0,0,0,0,0,0,0,20250528,20260604
004696,0,0,0,0,0,0,0,20250528,20260604
004697,0,0,0,0,0,0,0,20250528,20260604
004698,0,0,0,0,0,0,0,20250528,20260604
004699,0,0,0,0,0,0,0,20250528,20260604
004700,0,0,0,0,0,0,0,20250528,20260604
004701,0,0,0,0,0,0,0,20250528,20260604
004737,0,0,0,0,0,0,0,20250528,20260604
004765,0,0,0,0,0,0,0,20250528,20260604
004766,0,0,0,0,0,0,0,20250528,20260604
004767,0,0,0,0,0,0,0,20250528,20260604
004768,0,0,0,0,0,0,0,20250528,20260604
004827,0,0,0,0,0,0,0,20250528,20260604
004830,0,0,0,0,0,0,0,20250528,20260604
004831,0,0,0,0,0,0,0,20250528,20260604
004833,0,0,0,0,0,0,0,20250528,20260604
004891,0,0,0,0,0,0,0,20250528,20260604
004980,0,0,0,0,0,0,0,20250528,20260604
005021,0,0,0,0,0,0,0,20250528,20260604
005272,0,0,0,0,0,0,0,20250528,20260604
005362,0,0,0,0,0,0,0,20250528,20260604
005459,0,0,0,0,0,0,0,20250528,20260604
005466,0,0,0,0,0,0,0,20250528,20260604
005523,0,0,0,0,0,0,0,20250528,20260604
005946,0,0,0,0,0,0,0,20250528,20260604
005982,0,0,0,0,0,0,0,20250528,20260604
006013,0,0,0,0,0,0,0,20250528,20260604
006217,0,0,0,0,0,0,0,20250528,20260604
006494,0,0,0,0,0,0,0,20250528,20260604
006679,0,0,0,0,0,0,0,20250528,20260604
007423,0,0,0,0,0,0,0,20250528,20260604
007750,0,0,0,0,0,0,0,20250528,20260604
008483,0,0,0,0,0,0,0,20250528,20260604
008737,0,0,0,0,0,0,0,20250528,20260604
008771,0,0,0,0,0,0,0,20250528,20260604
008800,0,0,0,0,0,0,0,20250528,20260604
008810,0,0,0,0,0,0,0,20250528,20260604
008852,0,0,0,0,0,0,0,20250528,20260604
008884,0,0,0,0,0,0,0,20250528,20260604
008885,0,0,0,0,0,0,0,20250528,20260604
008888,0,0,0,0,0,0,0,20250528,20260604
009607,0,0,0,0,0,0,0,20250528,20260604
010544,0,0,0,0,0,0,0,20250528,20260604
011047,0,0,0,0,0,0,0,20250528,20260604
011206,0,0,0,0,0,0,0,20250528,20260604
011719,0,0,0,0,0,0,0,20250528,20260604
011720,0,0,0,0,0,0,0,20250528,20260604
012038,0,0,0,0,0,0,0,20250528,20260604
012069,0,0,0,0,0,0,0,20250528,20260604
012148,0,0,0,0,0,0,0,20250528,20260604
012206,0,0,0,0,0,0,0,20250528,20260604
012233,0,0,0,0,0,0,0,20250528,20260604
012437,0,0,0,0,0,0,0,20250528,20260604
012735,0,0,0,0,0,0,0,20250528,20260604
013174,0,0,0,0,0,0,0,20250528,20260604
013677,0,0,0,0,0,0,0,20250528,20260604
014007,0,0,0,0,0,0,0,20250528,20260604
014095,0,0,0,0,0,0,0,20250528,20260604
014168,0,0,0,0,0,0,0,20250528,20260604
014702,0,0,0,0,0,0,0,20250528,20260604
014706,0,0,0,0,0,0,0,20250528,20260604
014710,0,0,0,0,0,0,0,20250528,20260604
014728,0,0,0,0,0,0,0,20250528,20260604
015112,0,0,0,0,0,0,0,20250528,20260604
016262,0,0,0,0,0,0,0,20250528,20260604
016263,0,0,0,0,0,0,0,20250528,20260604
016264,0,0,0,0,0,0,0,20250528,20260604
016265,0,0,0,0,0,0,0,20250528,20260604
016266,0,0,0,0,0,0,0,20250528,20260604
016267,0,0,0,0,0,0,0,20250528,20260604
016268,0,0,0,0,0,0,0,20250528,20260604
016269,0,0,0,0,0,0,0,20250528,20260604
016270,0,0,0,0,0,0,0,20250528,20260604
016271,0,0,0,0,0,0,0,20250528,20260604
016272,0,0,0,0,0,0,0,20250528,20260604
016309,0,0,0,0,0,0,0,20250528,20260604
016310,0,0,0,0,0,0,0,20250528,20260604
016317,0,0,0,0,0,0,0,20250528,20260604
016318,0,0,0,0,0,0,0,20250528,20260604
016319,0,0,0,0,0,0,0,20250528,20260604
016320,0,0,0,0,0,0,0,20250528,20260604
016324,0,0,0,0,0,0,0,20250528,20260604
016325,0,0,0,0,0,0,0,20250528,20260604
016326,0,0,0,0,0,0,0,20250528,20260604
016328,0,0,0,0,0,0,0,20250528,20260604
016329,0,0,0,0,0,0,0,20250528,20260604
016330,0,0,0,0,0,0,0,20250528,20260604
016331,0,0,0,0,0,0,0,20250528,20260604
016332,0,0,0,0,0,0,0,20250528,20260604
016333,0,0,0,0,0,0,0,20250528,20260604
016334,0,0,0,0,0,0,0,20250528,20260604
016335,0,0,0,0,0,0,0,20250528,20260604
016339,0,0,0,0,0,0,0,20250528,20260604
016341,0,0,0,0,0,0,0,20250528,20260604
016351,0,0,0,0,0,0,0,20250528,20260604
016352,0,0,0,0,0,0,0,20250528,20260604
016435,0,0,0,0,0,0,0,20250528,20260604
016442,0,0,0,0,0,0,0,20250528,20260604
016483,0,0,0,0,0,0,0,20250528,20260604
016484,0,0,0,0,0,0,0,20250528,20260604
016485,0,0,0,0,0,0,0,20250528,20260604
016486,0,0,0,0,0,0,0,20250528,20260604
016487,0,0,0,0,0,0,0,20250528,20260604
016488,0,0,0,0,0,0,0,20250528,20260604
016490,0,0,0,0,0,0,0,20250528,20260604
016492,0,0,0,0,0,0,0,20250528,20260604
016497,0,0,0,0,0,0,0,20250528,20260604
016501,0,0,0,0,0,0,0,20250528,20260604
016502,0,0,0,0,0,0,0,20250528,20260604
016503,0,0,0,0,0,0,0,20250528,20260604
016504,0,0,0,0,0,0,0,20250528,20260604
016505,0,0,0,0,0,0,0,20250528,20260604
016506,0,0,0,0,0,0,0,20250528,20260604
016507,0,0,0,0,0,0,0,20250528,20260604
016508,0,0,0,0,0,0,0,20250528,20260604
016509,0,0,0,0,0,0,0,20250528,20260604
016520,0,0,0,0,0,0,0,20250528,20260604
016521,0,0,0,0,0,0,0,20250528,20260604
016522,0,0,0,0,0,0,0,20250528,20260604
016523,0,0,0,0,0,0,0,20250528,20260604
016524,0,0,0,0,0,0,0,20250528,20260604
016525,0,0,0,0,0,0,0,20250528,20260604
016526,0,0,0,0,0,0,0,20250528,20260604
016527,0,0,0,0,0,0,0,20250528,20260604
016528,0,0,0,0,0,0,0,20250528,20260604
016529,0,0,0,0,0,0,0,20250528,20260604
016530,0,0,0,0,0,0,0,20250528,20260604
016534,0,0,0,0,0,0,0,20250528,20260604
016535,0,0,0,0,0,0,0,20250528,20260604
016536,0,0,0,0,0,0,0,20250528,20260604
016537,0,0,0,0,0,0,0,20250528,20260604
016538,0,0,0,0,0,0,0,20250528,20260604
016544,0,0,0,0,0,0,0,20250528,20260604
016546,0,0,0,0,0,0,0,20250528,20260604
016547,0,0,0,0,0,0,0,20250528,20260604
016548,0,0,0,0,0,0,0,20250528,20260604
016549,0,0,0,0,0,0,0,20250528,20260604
016550,0,0,0,0,0,0,0,20250528,20260604
016551,0,0,0,0,0,0,0,20250528,20260604
016552,0,0,0,0,0,0,0,20250528,20260604
016553,0,0,0,0,0,0,0,20250528,20260604
016554,0,0,0,0,0,0,0,20250528,20260604
016560,0,0,0,0,0,0,0,20250528,20260604
016565,0,0,0,0,0,0,0,20250528,20260604
016566,0,0,0,0,0,0,0,20250528,20260604
016568,0,0,0,0,0,0,0,20250528,20260604
016571,0,0,0,0,0,0,0,20250528,20260604
016575,0,0,0,0,0,0,0,20250528,20260604
016617,0,0,0,0,0,0,0,20250528,20260604
016619,0,0,0,0,0,0,0,20250528,20260604
016620,0,0,0,0,0,0,0,20250528,20260604
016621,0,0,0,0,0,0,0,20250528,20260604
016636,0,0,0,0,0,0,0,20250528,20260604
016637,0,0,0,0,0,0,0,20250528,20260604
016638,0,0,0,0,0,0,0,20250528,20260604
016639,0,0,0,0,0,0,0,20250528,20260604
016640,0,0,0,0,0,0,0,20250528,20260604
016641,0,0,0,0,0,0,0,20250528,20260604
016642,0,0,0,0,0,0,0,20250528,20260604
016643,0,0,0,0,0,0,0,20250528,20260604
016648,0,0,0,0,0,0,0,20250528,20260604
016649,0,0,0,0,0,0,0,20250528,20260604
016650,0,0,0,0,0,0,0,20250528,20260604
016651,0,0,0,0,0,0,0,20250528,20260604
016652,0,0,0,0,0,0,0,20250528,20260604
016653,0,0,0,0,0,0,0,20250528,20260604
016654,0,0,0,0,0,0,0,20250528,20260604
016655,0,0,0,0,0,0,0,20250528,20260604
016657,0,0,0,0,0,0,0,20250528,20260604
016658,0,0,0,0,0,0,0,20250528,20260604
016659,0,0,0,0,0,0,0,20250528,20260604
016660,0,0,0,0,0,0,0,20250528,20260604
016674,0,0,0,0,0,0,0,20250528,20260604
016685,0,0,0,0,0,0,0,20250528,20260604
016686,0,0,0,0,0,0,0,20250528,20260604
016687,0,0,0,0,0,0,0,20250528,20260604
016696,0,0,0,0,0,0,0,20250528,20260604
016702,0,0,0,0,0,0,0,20250528,20260604
016704,0,0,0,0,0,0,0,20250528,20260604
016705,0,0,0,0,0,0,0,20250528,20260604
016707,0,0,0,0,0,0,0,20250528,20260604
016708,0,0,0,0,0,0,0,20250528,20260604
016710,0,0,0,0,0,0,0,20250528,20260604
016711,0,0,0,0,0,0,0,20250528,20260604
016712,0,0,0,0,0,0,0,20250528,20260604
016713,0,0,0,0,0,0,0,20250528,20260604
016725,0,0,0,0,0,0,0,20250528,20260604
016726,0,0,0,0,0,0,0,20250528,20260604
016727,0,0,0,0,0,0,0,20250528,20260604
016728,0,0,0,0,0,0,0,20250528,20260604
016730,0,0,0,0,0,0,0,20250528,20260604
016731,0,0,0,0,0,0,0,20250528,20260604
016742,0,0,0,0,0,0,0,20250528,20260604
016748,0,0,0,0,0,0,0,20250528,20260604
016769,0,0,0,0,0,0,0,20250528,20260604
016771,0,0,0,0,0,0,0,20250528,20260604
016775,0,0,0,0,0,0,0,20250528,20260604
016776,0,0,0,0,0,0,0,20250528,20260604
016777,0,0,0,0,0,0,0,20250528,20260604
016828,0,0,0,0,0,0,0,20250528,20260604
016832,0,0,0,0,0,0,0,20250528,20260604
016884,0,0,0,0,0,0,0,20250528,20260604
016888,0,0,0,0,0,0,0,20250528,20260604
016889,0,0,0,0,0,0,0,20250528,20260604
016890,0,0,0,0,0,0,0,20250528,20260604
016893,0,0,0,0,0,0,0,20250528,20260604
016894,0,0,0,0,0,0,0,20250528,20260604
016900,0,0,0,0,0,0,0,20250528,20260604
016901,0,0,0,0,0,0,0,20250528,20260604
016902,0,0,0,0,0,0,0,20250528,20260604
016907,0,0,0,0,0,0,0,20250528,20260604
016911,0,0,0,0,0,0,0,20250528,20260604
016913,0,0,0,0,0,0,0,20250528,20260604
016916,0,0,0,0,0,0,0,20250528,20260604
016918,0,0,0,0,0,0,0,20250528,20260604
016921,0,0,0,0,0,0,0,20250528,20260604
016924,0,0,0,0,0,0,0,20250528,20260604
017021,0,0,0,0,0,0,0,20250528,20260604
017030,0,0,0,0,0,0,0,20250528,20260604
017031,0,0,0,0,0,0,0,20250528,20260604
017032,0,0,0,0,0,0,0,20250528,20260604
017869,0,0,0,0,0,0,0,20250528,20260604
017936,0,0,0,0,0,0,0,20250528,20260604
017937,0,0,0,0,0,0,0,20250528,20260604
017938,0,0,0,0,0,0,0,20250528,20260604
018058,0,0,0,0,0,0,0,20250528,20260604
018707,0,0,0,0,0,0,0,20250528,20260604
018713,0,0,0,0,0,0,0,20250528,20260604
018714,0,0,0,0,0,0,0,20250528,20260604
018722,0,0,0,0,0,0,0,20250528,20260604
018723,0,0,0,0,0,0,0,20250528,20260604
018735,0,0,0,0,0,0,0,20250528,20260604
018736,0,0,0,0,0,0,0,20250528,20260604
018738,0,0,0,0,0,0,0,20250528,20260604
018740,0,0,0,0,0,0,0,20250528,20260604
018742,0,0,0,0,0,0,0,20250528,20260604
018743,0,0,0,0,0,0,0,20250528,20260604
018751,0,0,0,0,0,0,0,20250528,20260604
018754,0,0,0,0,0,0,0,20250528,20260604
018802,0,0,0,0,0,0,0,20250528,20260604
018804,0,0,0,0,0,0,0,20250528,20260604
018805,0,0,0,0,0,0,0,20250528,20260604
018806,0,0,0,0,0,0,0,20250528,20260604
018807,0,0,0,0,0,0,0,20250528,20260604
018808,0,0,0,0,0,0,0,20250528,20260604
018809,0,0,0,0,0,0,0,20250528,20260604
018810,0,0,0,0,0,0,0,20250528,20260604
018815,0,0,0,0,0,0,0,20250528,20260604
018816,0,0,0,0,0,0,0,20250528,20260604
018817,0,0,0,0,0,0,0,20250528,20260604
018818,0,0,0,0,0,0,0,20250528,20260604
018820,0,0,0,0,0,0,0,20250528,20260604
018828,0,0,0,0,0,0,0,20250528,20260604
018831,0,0,0,0,0,0,0,20250528,20260604
018832,0,0,0,0,0,0,0,20250528,20260604
019146,0,0,0,0,0,0,0,20250528,20260604
019147,0,0,0,0,0,0,0,20250528,20260604
019154,0,0,0,0,0,0,0,20250528,20260604
019155,0,0,0,0,0,0,0,20250528,20260604
019156,0,0,0,0,0,0,0,20250528,20260604
019157,0,0,0,0,0,0,0,20250528,20260604
019158,0,0,0,0,0,0,0,20250528,20260604
019159,0,0,0,0,0,0,0,20250528,20260604
019160,0,0,0,0,0,0,0,20250528,20260604
019161,0,0,0,0,0,0,0,20250528,20260604
019170,0,0,0,0,0,0,0,20250528,20260604
019171,0,0,0,0,0,0,0,20250528,20260604
019172,0,0,0,0,0,0,0,20250528,20260604
019173,0,0,0,0,0,0,0,20250528,20260604
019185,0,0,0,0,0,0,0,20250528,20260604
019186,0,0,0,0,0,0,0,20250528,20260604
019187,0,0,0,0,0,0,0,20250528,20260604
021141,0,0,0,0,0,0,0,20250528,20260604
024499,0,0,0,0,0,0,0,20250528,20260604
024500,0,0,0,0,0,0,0,20250528,20260604
024501,0,0,0,0,0,0,0,20250528,20260604
024502,0,0,0,0,0,0,0,20250528,20260604
024508,0,0,0,0,0,0,0,20250528,20260604
025052,0,0,0,0,0,0,0,20250528,20260604
026082,0,0,0,0,0,0,0,20250528,20260604
026085,0,0,0,0,0,0,0,20250528,20260604
026087,0,0,0,0,0,0,0,20250528,20260604
027218,0,0,0,0,0,0,0,20250528,20260604
027219,0,0,0,0,0,0,0,20250528,20260604
027220,0,0,0,0,0,0,0,20250528,20260604
028849,0,0,0,0,0,0,0,20250528,20260604
028861,0,0,0,0,0,0,0,20250528,20260604
028890,0,0,0,0,0,0,0,20250528,20260604
028891,0,0,0,0,0,0,0,20250528,20260604
028892,0,0,0,0,0,0,0,20250528,20260604
028893,0,0,0,0,0,0,0,20250528,20260604
028894,0,0,0,0,0,0,0,20250528,20260604
028895,0,0,0,0,0,0,0,20250528,20260604
028896,0,0,0,0,0,0,0,20250528,20260604
028897,0,0,0,0,0,0,0,20250528,20260604
028898,0,0,0,0,0,0,0,20250528,20260604
028899,0,0,0,0,0,0,0,20250528,20260604
028900,0,0,0,0,0,0,0,20250528,20260604
028901,0,0,0,0,0,0,0,20250528,20260604
028902,0,0,0,0,0,0,0,20250528,20260604
028903,0,0,0,0,0,0,0,20250528,20260604
028904,0,0,0,0,0,0,0,20250528,20260604
028905,0,0,0,0,0,0,0,20250528,20260604
028915,0,0,0,0,0,0,0,20250528,20260604
028916,0,0,0,0,0,0,0,20250528,20260604
028948,0,0,0,0,0,0,0,20250528,20260604
028950,0,0,0,0,0,0,0,20250528,20260604
028967,0,0,0,0,0,0,0,20250528,20260604
028968,0,0,0,0,0,0,0,20250528,20260604
028969,0,0,0,0,0,0,0,20250528,20260604
028970,0,0,0,0,0,0,0,20250528,20260604
028976,0,0,0,0,0,0,0,20250528,20260604
028977,0,0,0,0,0,0,0,20250528,20260604
028978,0,0,0,0,0,0,0,20250528,20260604
028979,0,0,0,0,0,0,0,20250528,20260604
028981,0,0,0,0,0,0,0,20250528,20260604
028982,0,0,0,0,0,0,0,20250528,20260604
028987,0,0,0,0,0,0,0,20250528,20260604
028988,0,0,0,0,0,0,0,20250528,20260604
